939417 10022
933767 10017
898173 10000
888280 10001
895941 10043
902792 10001
726884 10064
627036 10069
904938 10044
621849 10069
887037 10025
622680 10062
879422 10025
829197 10048
613449 10010
744564 10056
608612 10039
706190 10014
926652 10045
608131 10045
605375 10024
603616 10004
573559 10063
887035 10025
746412 10001
728496 10069
625862 10032
925264 10032
882182 10063
444870 10063
751818 10068
626889 10014
438803 10003
616709 10062
800907 10032
859830 10045
451436 10013
622207 10032
447432 10001
380349 10031
771018 10051
434341 10021
880777 10032
849995 10049
635003 10028
882853 10057
612395 10008
705792 10057
178275 10011
176700 10011
621881 10051
173154 10040
171373 10040
202694 10034
783719 10007
151346 10056
763024 10064
153613 10061
148282 10046
180203 10064
685708 10009
381102 10031
602066 10064
143076 10064
615458 10025
610890 10035
641682 10053
936843 10007
137225 10007
180255 10025
145728 10007
136016 10046
135659 10046
907039 10035
134651 10035
149660 10064
144392 10009
181489 10068
175846 10053
131752 10052
129255 10029
442401 10063
128871 10063
128649 10062
761532 10063
625389 10003
186117 10022
726727 10069
125182 10020
125027 10064
154482 10028
126115 10065
125003 10065
125529 10065
124943 10065
125926 10065
127346 10064
125006 10064
124460 10064
456269 10020
127427 10061
926928 10026
140117 10035
880645 10069
149766 10069
122892 10023
122889 10023
903923 10007
122480 10045
123211 10030
123967 10030
877048 10026
128611 10029
127981 10029
121530 10000
934468 10029
123638 10030
121782 10000
123937 10024
123105 10065
120219 10066
123226 10030
445714 10007
128216 10029
613261 10030
126543 10061
126730 10020
124941 10020
323496 10039
125955 10065
125923 10065
123222 10000
117141 10037
120019 10036
117137 10037
117136 10036
119319 10017
130158 10008
772200 10008
891095 10012
115564 10068
115563 10008
129402 10008
115331 10008
911512 10002
114692 10008
114442 10008
125227 10069
122241 10026
121950 10024
113632 10030
128378 10062
121705 10069
112747 10039
198228 10069
111058 10034
129193 10023
938388 10000
176216 10052
829271 10006
108473 10005
895610 10003
883028 10048
728498 10046
122220 10024
926654 10045
101223 10040
604685 10035
144841 10064
138639 10064
187908 10057
171004 10057
167364 10050
97193 10057
623138 10069
755584 10057
601762 10004
615199 10069
112312 10069
96930 10069
97030 10049
123319 10023
142728 10028
622445 10049
189742 10049
143257 10049
116157 10008
96748 10049
161647 10051
96608 10051
123827 10069
204449 10028
96514 10028
97122 10057
453585 10064
96758 10057
96503 10057
96422 10018
311394 10066
169702 10018
122723 10045
95849 10049
97043 10049
96866 10049
188401 10028
96812 10028
95769 10009
727913 10018
934520 10019
95454 10018
178188 10057
159461 10019
618692 10058
169697 10058
95785 10058
886732 10058
890874 10065
95105 10058
171248 10049
94779 10051
95317 10057
96810 10028
872263 10051
96599 10057
94307 10058
180259 10025
683400 10028
170228 10004
94091 10068
118543 10037
609740 10022
116406 10005
94011 10069
613759 10051
829363 10007
139597 10007
185880 10066
187594 10025
797734 10050
185905 10025
93726 10066
601870 10050
93629 10066
96249 10066
902662 10029
123316 10023
93456 10064
165640 10035
93848 10038
93396 10038
93395 10038
610724 10035
887071 10064
93240 10064
124459 10020
93106 10033
139316 10005
175738 10053
155450 10025
92708 10025
93870 10050
97156 10028
92677 10050
92543 10060
714990 10040
92409 10004
93914 10066
92072 10038
91982 10038
187141 10066
91865 10066
134597 10038
931859 10063
128425 10068
91456 10023
938778 10005
174377 10005
91400 10005
150351 10038
768647 10053
317976 10038
91377 10038
615507 10038
91161 10038
761336 10063
91013 10063
90993 10062
888490 10047
106855 10046
90970 10047
815076 10063
91759 10063
139766 10053
90830 10053
152007 10060
90807 10060
934671 10040
162790 10046
93951 10060
927084 10051
96808 10051
277461 10051
184579 10028
90520 10051
90534 10059
90515 10059
90475 10010
615201 10049
147892 10046
882338 10069
159726 10010
90585 10046
90293 10007
90175 10007
605399 10053
95206 10028
174335 10053
109143 10052
90109 10052
154762 10046
141640 10035
882168 10069
882172 10053
183889 10068
92816 10053
89811 10053
89779 10005
605358 10035
135171 10035
141682 10026
615319 10069
175275 10004
633146 10057
913830 10015
89694 10004
91572 10010
917201 10066
152624 10068
127243 10064
89688 10066
380822 10032
185239 10028
89687 10052
877853 10012
332908 10061
125000 10065
329541 10061
149172 10061
89678 10061
89671 10061
96057 10018
124424 10061
127236 10061
91404 10066
163755 10038
89454 10038
136525 10025
148889 10043
114550 10002
89169 10060
89103 10065
757963 10053
89099 10060
169528 10057
614442 10006
121917 10069
892305 10065
93550 10050
89071 10006
120800 10006
105488 10045
89065 10069
150501 10066
141543 10059
614653 10060
187533 10069
88995 10060
613806 10059
613480 10059
135545 10060
93373 10004
947369 10063
88894 10059
614965 10025
103628 10036
93177 10038
609755 10063
121846 10030
154692 10025
601342 10005
153917 10005
110273 10005
88611 10005
176672 10053
917200 10052
142333 10059
88566 10059
614441 10017
115235 10042
612404 10067
88520 10010
564952 10052
669462 10064
615764 10069
100474 10018
185205 10069
92639 10067
610810 10060
616782 10038
609910 10038
88236 10018
445268 10013
163091 10015
96945 10049
93959 10015
93054 10015
187354 10053
94919 10051
121793 10030
88097 10030
88102 10053
114573 10008
48881 10062
112733 10042
47160 10042
891427 10003
46830 10003
46915 10054
444417 10031
151789 10066
45786 10045
46207 10054
43381 10054
906167 10064
41720 10026
46595 10041
82754 10069
87008 10034
41460 10041
41061 10055
39643 10037
630706 10040
71502 10036
203376 10051
305563 10004
610135 10059
38316 10044
886882 10039
876247 10012
133780 10064
117357 10036
38034 10036
741342 10044
124683 10008
36596 10037
44404 10041
613639 10043
128414 10023
79145 10046
50301 10012
51781 10040
27294 10033
882857 10042
39312 10036
41530 10023
49329 10069
611174 10052
61750 10016
105708 10033
120200 10017
14197 10055
883175 10049
39630 10037
91128 10069
82170 10040
84297 10069
39254 10037
36473 10037
830553 10042
904400 10000
128754 10029
167040 10022
728505 10069
117406 10000
115988 10012
122798 10030
83845 10046
109914 10000
120365 10045
877577 10041
118557 10036
31963 10044
893384 10042
59600 10062
604560 10035
877779 10044
169877 10057
105678 10042
550588 10069
34010 10044
181852 10064
880576 10041
61681 10062
82242 10040
46926 10068
933768 10017
880593 10047
35705 10044
66901 10065
616712 10062
877255 10045
31390 10044
186495 10051
392529 10001
107640 10005
125556 10065
877509 10044
31160 10044
133788 10035
29278 10044
664070 10034
913401 10033
947633 10017
110525 10036
88401 10024
31667 10045
12524 10012
107127 10010
879008 10031
170658 10004
28823 10045
123576 10026
608467 10014
39634 10037
108312 10054
47099 10041
133567 10009
27564 10033
19056 10003
201042 10049
45770 10033
523636 10001
27120 10033
205721 10040
23575 10055
623552 10044
33341 10045
46607 10023
83072 10067
914280 10047
900843 10040
155836 10058
30424 10033
196406 10018
39641 10037
7736 10026
122383 10006
70128 10016
615295 10032
27053 10033
464162 10013
62545 10017
862 10065
121679 10029
17169 10002
30193 10044
79823 10031
27045 10044
30622 10033
72453 10029
26967 10033
604561 10035
107392 10041
30363 10006
82971 10063
45646 10023
456267 10020
913125 10032
35241 10000
184098 10068
96011 10009
25840 10054
26931 10006
25438 10026
877656 10024
24145 10055
9918 10026
123019 10030
891914 10003
95646 10028
32940 10044
952513 10034
18917 10012
38364 10036
927855 10050
36534 10016
38027 10036
827853 10023
115219 10003
878142 10067
877307 10067
918429 10002
27874 10033
898920 10061
58361 10043
61503 10043
40325 10020
117061 10017
57341 10043
9931 10012
20953 10055
12303 10041
82494 10014
94979 10068
72584 10017
66612 10016
41675 10054
620052 10039
910381 10024
93710 10056
38469 10017
36976 10000
7465 10027
5972 10022
157426 10066
49930 10040
887072 10064
449623 10014
616777 10069
89748 10026
82283 10021
10619 10027
92642 10024
934522 10069
8862 10020
184261 10061
3608 10027
31975 10044
90453 10010
5352 10020
181212 10022
67744 10065
192115 10049
123437 10000
934533 10036
890786 10039
89670 10061
173278 10011
141287 10059
890773 10020
624602 10047
151321 10023
28895 10044
52421 10062
77945 10045
201861 10028
331752 10069
18222 10026
113228 10062
125990 10002
97123 10058
9036 10039
10196 10026
904503 10029
165202 10056
93538 10066
6944 10039
884831 10017
124894 10065
9050 10012
877517 10044
123141 10031
204317 10053
926929 10054
126681 10065
103631 10037
15544 10012
17671 10055
185750 10052
36450 10030
107889 10006
40704 10022
892767 10020
111449 10043
123987 10035
101592 10016
19477 10026
113222 10017
137110 10018
81869 10062
82355 10052
77876 10016
129633 10017
28395 10026
67390 10062
169019 10056
906561 10067
731880 10064
202966 10067
609543 10006
109772 10026
741491 10026
921 10020
3 10027
880928 10057
86652 10011
629618 10038
119012 10039
34785 10000
10897 10012
117139 10036
36517 10037
132941 10048
888263 10020
126833 10027
1132 10020
110183 10003
93669 10060
919298 10041
9624 10041
113921 10003
89053 10056
908710 10040
86979 10011
652159 10028
876109 10041
519669 10031
612235 10060
64304 10017
38023 10017
81320 10069
3142 10020
613258 10068
122061 10030
450521 10043
125531 10020
95048 10009
5468 10024
8501 10067
10523 10027
123918 10026
114960 10012
10780 10027
22833 10003
4740 10020
37052 10036
876884 10026
6873 10024
164265 10053
4514 10039
770017 10032
20531 10055
89166 10046
105589 10023
88389 10009
77938 10044
144553 10035
156497 10007
28099 10055
723837 10063
121765 10030
904779 10045
80643 10062
40705 10041
86790 10034
2287 10024
118086 10017
85240 10056
638447 10028
94995 10009
117390 10037
27810 10033
183082 10040
89829 10005
3235 10039
165624 10018
52156 10023
42450 10054
117075 10017
878234 10041
912573 10041
82276 10021
32462 10044
877500 10016
243120 10009
93820 10066
876152 10055
29068 10030
30416 10052
170288 10028
86 10065
890777 10020
768829 10056
732628 10027
123025 10005
21501 10032
132075 10010
33537 10045
46974 10003
117070 10017
79493 10048
21699 10054
447099 10008
144426 10049
13042 10026
63593 10016
14324 10027
881851 10049
629534 10007
20390 10055
120630 10064
123616 10045
383398 10013
880729 10026
8756 10026
38638 10006
122246 10045
890943 10012
576259 10035
122387 10029
884574 10040
79847 10045
17032 10027
140148 10007
876197 10044
109942 10026
108449 10046
38278 10039
18869 10055
38721 10067
52963 10054
618810 10039
36579 10037
827869 10055
87798 10011
11655 10027
79198 10001
40380 10027
22177 10022
91168 10038
115056 10012
38847 10017
10876 10067
115948 10012
115239 10054
72699 10017
100768 10005
14174 10002
139901 10005
39870 10069
93896 10025
90910 10063
108826 10006
16260 10041
806086 10032
12203 10026
876978 10002
37912 10000
125951 10020
94598 10057
16962 10012
81161 10032
608619 10068
937880 10024
85377 10025
933692 10037
108063 10041
32858 10044
120756 10030
798578 10031
622978 10040
13834 10002
93058 10015
33338 10041
82607 10019
15379 10002
779511 10010
22560 10041
94169 10028
162720 10007
88070 10053
877867 10022
50464 10023
119841 10061
155673 10009
164631 10025
37726 10000
112880 10036
939607 10000
10961 10002
49779 10041
113905 10039
88379 10015
115253 10002
49316 10023
125786 10061
609518 10056
85475 10022
116003 10008
101073 10040
19061 10062
87125 10034
13835 10002
16259 10055
798739 10037
5956 10027
46267 10054
14252 10055
63013 10016
36139 10006
14571 10022
896163 10055
847407 10019
14313 10055
21547 10027
627033 10062
35508 10045
166892 10063
108505 10041
620169 10031
124493 10065
876965 10041
876717 10026
938777 10037
620768 10047
50056 10054
829537 10029
70907 10036
145404 10005
81205 10054
75533 10042
64087 10062
17804 10055
95739 10028
27061 10033
106190 10026
75211 10044
96784 10034
90812 10060
705928 10027
903004 10024
92324 10066
69929 10017
92841 10005
6247 10002
38029 10036
82819 10051
186771 10008
618248 10020
615205 10032
204630 10004
904847 10035
892903 10020
19062 10002
706319 10045
610767 10056
52385 10040
618573 10058
797733 10050
42275 10055
96601 10058
20458 10055
608607 10039
86353 10034
95695 10069
882506 10026
49412 10023
52087 10023
127068 10022
49432 10042
947234 10054
620267 10003
380499 10032
876175 10024
891105 10062
90153 10053
830681 10042
63543 10023
788762 10068
832059 10042
116373 10065
898705 10022
179761 10057
151394 10060
890429 10063
58351 10042
202987 10021
41541 10055
54978 10041
706473 10011
58511 10041
93552 10050
87580 10021
89650 10066
831671 10003
50302 10042
893873 10042
880933 10015
53811 10023
934674 10043
82171 10040
97026 10057
128379 10022
83589 10001
124423 10061
110986 10062
882557 10019
130085 10029
912417 10054
827865 10054
3729 10027
57477 10068
119692 10020
88339 10018
80874 10008
53880 10043
609744 10068
57334 10042
54552 10041
60873 10041
136878 10046
56256 10068
87452 10069
103456 10016
57173 10042
37539 10000
61427 10043
93992 10025
80555 10043
17849 10055
59653 10068
149560 10066
154039 10009
59980 10029
62853 10029
86959 10034
33168 10006
107818 10033
882685 10032
830430 10029
580889 10064
622693 10052
60081 10043
77196 10017
62266 10043
61775 10062
95623 10009
58298 10029
85172 10011
125729 10020
64516 10043
883307 10045
29311 10045
453323 10008
95003 10009
438868 10063
149785 10064
442413 10063
946000 10014
35270 10016
63637 10043
621620 10021
608610 10039
934084 10043
34705 10044
61579 10016
90764 10010
74341 10017
111815 10016
882767 10069
17807 10026
87978 10063
615245 10050
46412 10041
62835 10016
621800 10019
75362 10016
107455 10060
76102 10016
605478 10052
830921 10023
933938 10029
878682 10069
87392 10040
66036 10023
2610 10039
39935 10041
66809 10029
121402 10029
63796 10062
108265 10012
112744 10039
72433 10017
933763 10017
68239 10065
66419 10042
132444 10066
69738 10042
736976 10039
829542 10062
38252 10039
608578 10013
876746 10016
119009 10065
129460 10006
68941 10036
73363 10029
88961 10015
89796 10005
73373 10029
889052 10027
614340 10043
934668 10040
443471 10047
110775 10066
880686 10038
726907 10034
886658 10001
67001 10016
70974 10036
877773 10064
188771 10032
309704 10069
14090 10055
829268 10016
70824 10029
728507 10040
73080 10029
495644 10069
72596 10036
184187 10009
73705 10036
72431 10029
680200 10053
103902 10029
22277 10055
129773 10029
121268 10030
74985 10017
879025 10002
72805 10017
914302 10017
14485 10012
26429 10054
74205 10017
742355 10030
74984 10017
108740 10016
614349 10035
90306 10046
841183 10069
76767 10003
630478 10017
86675 10046
609150 10014
88093 10053
87001 10011
79885 10046
86975 10034
885681 10045
89912 10046
382476 10032
140610 10067
449661 10046
624971 10046
391888 10031
830534 10029
615542 10001
607755 10063
89684 10061
79233 10025
49555 10042
439228 10001
10176 10039
746225 10045
90400 10010
96958 10049
449306 10046
153744 10009
16388 10026
619560 10025
801900 10056
79288 10048
93913 10066
861315 10011
365898 10014
879286 10052
114870 10017
934527 10048
113737 10026
80891 10025
79383 10047
610847 10047
100807 10038
624850 10047
456299 10048
726905 10045
882177 10048
883026 10048
124428 10061
448409 10031
79784 10031
447087 10032
916098 10048
120329 10030
80018 10014
146587 10007
113741 10026
613896 10031
94778 10028
188837 10066
79848 10044
81266 10029
551987 10045
93636 10050
623651 10034
79886 10014
550697 10023
447680 10014
79897 10031
453540 10031
91371 10053
383999 10031
142336 10059
620096 10047
442303 10031
80015 10014
36472 10000
169349 10069
392684 10034
80075 10067
120283 10024
194933 10021
90609 10015
80158 10001
83579 10001
1136 10039
202691 10019
80571 10013
958088 10048
26456 10041
613205 10043
41120 10054
202364 10013
95843 10049
601970 10064
174972 10052
183930 10034
80660 10013
82660 10062
454699 10062
82484 10013
391351 10032
123307 10006
790678 10038
583151 10032
552923 10025
91757 10063
897977 10002
81306 10043
90523 10051
127774 10003
65068 10023
81491 10065
612160 10048
622611 10062
876387 10033
82111 10019
582267 10066
82112 10019
111816 10016
204382 10040
891383 10033
82177 10040
109912 10037
829538 10012
203971 10040
107985 10048
903754 10001
779515 10010
82284 10021
170236 10034
25842 10054
608112 10024
205002 10021
86768 10034
82289 10021
89764 10035
82299 10021
721108 10034
82296 10021
161763 10006
87113 10021
704727 10019
83118 10019
87091 10052
82589 10013
55302 10023
453933 10031
91225 10038
152 10027
85253 10048
389045 10013
173064 10019
154549 10067
388950 10069
82742 10019
184740 10057
93667 10050
86202 10067
93376 10038
82925 10034
96846 10058
601480 10050
35633 10044
87888 10046
13 10020
616622 10034
758230 10024
392445 10062
616388 10063
926610 10058
96502 10058
93516 10066
890778 10027
83065 10028
632701 10021
83277 10067
83278 10009
96757 10049
653646 10028
143040 10067
125067 10065
169857 10067
89320 10059
171435 10009
839105 10049
173227 10051
186664 10009
56620 10068
83494 10069
91270 10053
28564 10026
440632 10001
144267 10069
189057 10068
120379 10000
117393 10037
610083 10063
185094 10028
83570 10047
3577 10002
42395 10026
862052 10034
573139 10005
165550 10022
607478 10047
934677 10047
84382 10001
94141 10018
80704 10031
129973 10046
84545 10047
84572 10063
327873 10038
117360 10036
108402 10010
448806 10047
107908 10045
87006 10011
602166 10028
85588 10040
87400 10011
91352 10059
443625 10063
204 10064
85305 10048
918437 10050
616851 10069
164445 10038
85316 10015
88212 10015
123454 10030
90608 10015
88794 10025
400220 10040
157394 10056
82744 10019
85730 10011
96333 10050
391947 10011
96789 10028
171439 10009
32496 10044
86244 10034
3274 10027
933413 10034
92417 10004
86445 10034
173180 10004
86586 10034
129023 10062
105135 10011
204071 10034
864410 10011
87071 10021
903062 10025
84898 10047
87884 10021
948835 10054
156052 10010
179940 10051
87374 10040
184826 10068
380409 10014
108683 10021
194501 10021
