939417 40354
933767 40354
898173 40354
888280 41164
895941 60514
902792 162192
726884 40354
627036 40354
904938 40354
621849 161502
887037 181677
622680 141222
879422 60514
829197 60514
613449 161607
744564 60514
608612 121062
706190 60514
926652 201702
608131 221862
605375 40354
603616 181542
573559 60514
887035 161382
746412 60514
728496 80674
625862 161382
925264 181587
882182 60514
444870 60514
751818 151827
626889 161382
438803 151827
616709 161382
800907 161382
859830 181542
451436 161532
622207 161382
447432 181692
380349 181692
771018 181542
434341 60514
880777 164787
849995 60604
635003 60514
882853 60514
612395 40384
705792 60514
178275 60514
176700 187302
621881 183312
173154 80674
171373 188937
202694 181542
783719 181542
151346 161382
763024 181542
153613 141297
148282 40354
180203 181542
685708 185622
381102 161382
602066 181542
143076 60514
615458 141777
610890 242056
641682 60514
936843 161382
137225 141222
180255 221896
145728 181542
136016 164862
135659 40354
907039 201946
134651 60514
149660 161382
144392 165462
181489 60514
175846 60514
131752 161382
129255 60514
442401 60514
128871 40354
128649 121062
761532 181542
625389 142182
186117 189991
726727 40354
125182 124227
125027 121137
154482 182082
126115 127302
125003 121062
125529 121062
124943 121062
125926 161416
127346 121062
125006 181651
124460 121062
456269 141222
127427 128637
926928 40354
140117 141222
880645 121062
149766 40429
122892 141222
122889 141222
903923 161382
122480 161416
123211 141222
123967 121062
877048 140682
128611 161416
127981 161416
121530 155667
934468 201736
123638 148977
121782 141222
123937 123237
123105 161382
120219 60514
123226 40354
445714 161382
128216 121317
613261 40354
126543 121062
126730 40354
124941 121062
323496 60514
125955 121152
125923 121062
123222 121062
117141 126807
120019 146607
117137 121062
117136 121062
119319 127092
130158 161667
772200 141402
891095 40354
115564 161382
115563 141222
129402 161877
115331 141387
911512 161382
114692 202531
114442 40354
125227 128277
122241 121062
121950 145077
113632 127407
128378 161382
121705 40354
112747 40354
198228 60514
111058 60514
129193 161502
938388 121062
176216 178422
829271 40354
108473 171312
895610 146112
883028 60514
728498 80674
122220 165271
926654 181542
101223 145827
604685 40354
144841 161382
138639 60514
187908 161815
171004 186970
167364 181542
97193 161376
623138 162310
755584 60512
601762 168237
615199 40352
112312 181540
96930 161376
97030 181534
123319 121062
142728 161455
622445 141293
189742 181538
143257 161378
116157 146952
96748 225546
161647 161378
96608 141214
123827 60514
204449 161378
96514 161374
97122 181534
453585 181542
96758 161374
96503 181530
96422 181534
311394 221894
169702 181538
122723 121062
95849 60512
97043 126452
96866 181532
188401 181540
96812 161372
95769 181534
727913 80672
934520 60514
95454 214024
178188 141218
159461 161470
618692 242050
169697 181538
95785 188929
886732 161378
890874 121062
95105 249439
171248 181536
94779 60510
95317 161434
96810 181530
872263 141220
96599 181532
94307 161376
180259 144882
683400 181615
170228 161380
94091 40352
118543 41494
609740 161380
116406 141222
94011 141216
613759 161380
829363 60514
139597 141222
185880 141220
187594 161410
797734 60512
185905 141218
93726 221884
601870 181538
93629 141212
96249 161374
902662 141222
123316 181576
93456 60512
165640 161380
93848 60510
93396 201726
93395 161370
610724 242054
887071 181540
93240 181536
124459 143022
93106 201846
139316 161485
175738 149230
155450 161378
92708 181534
93870 181532
97156 181641
92677 181532
92543 161376
714990 162627
92409 221886
93914 141212
92072 201694
91982 161374
187141 161530
91865 40472
134597 161378
931859 161378
128425 161380
91456 181536
938778 161380
174377 161380
91400 181536
150351 141220
768647 161380
317976 141220
91377 181534
615507 146228
91161 206738
761336 151840
91013 151836
90993 60510
888490 161380
106855 161380
90970 121056
815076 161378
91759 181534
139766 181540
90830 60512
152007 141220
90807 161376
934671 60514
162790 60512
93951 181530
927084 161378
96808 181532
277461 181540
184579 121058
90520 179749
90534 161372
90515 161989
90475 42842
615201 60514
147892 221892
882338 60514
159726 141218
90585 181534
90293 161631
90175 60512
605399 242050
95206 161376
174335 243837
109143 158260
90109 161374
154762 181540
141640 121272
882168 60512
882172 60512
183889 141732
92816 242044
89811 141214
89779 161370
605358 122410
135171 141220
141682 160840
615319 161530
175275 221890
633146 186970
913830 181538
89694 181534
91572 161734
917201 161380
152624 40429
127243 141220
89688 161376
380822 161382
185239 161380
89687 161376
877853 141222
332908 40352
125000 167656
329541 40352
149172 121060
89678 141214
89671 121952
96057 193864
124424 121060
127236 40354
91404 121050
163755 141220
89454 242046
136525 161378
148889 184287
114550 121857
89169 161376
89103 60510
757963 149232
89099 60510
169528 242054
614442 161380
121917 40354
892305 121062
93550 161374
89071 161376
120800 141220
105488 141222
89065 60512
150501 202079
141543 162758
614653 161378
187533 40354
88995 141216
613806 141218
613480 181538
135545 181538
93373 181536
947369 161378
88894 161376
614965 187150
103628 40354
93177 60512
609755 181538
121846 189331
154692 227504
601342 161380
153917 181705
110273 161380
88611 242048
176672 121062
917200 141220
142333 161380
88566 181534
614441 141520
115235 60514
612404 141218
88520 141216
564952 60512
669462 181538
615764 161378
100474 201846
185205 181542
92639 202442
610810 161378
616782 181540
609910 242052
88236 181534
445268 161382
163091 181538
96945 181684
93959 161372
93054 262202
187354 242054
94919 181536
121793 141220
88097 181534
88102 242042
114573 121557
48881 40350
112733 162383
47160 170436
891427 141218
46830 161376
46915 60510
444417 161487
151789 181572
45786 60512
46207 161370
43381 60510
906167 141372
41720 151667
46595 161370
82754 201694
87008 201692
41460 60510
41061 161374
39643 167955
630706 141218
71502 141212
203376 201700
305563 181540
610135 161991
38316 125841
886882 171130
876247 121598
133780 161382
117357 121060
38034 161402
741342 175542
124683 40639
36596 122040
44404 161584
613639 164127
128414 132222
79145 221884
50301 131136
51781 141300
27294 141210
882857 60514
39312 127605
41530 171859
49329 40350
611174 181542
61750 152599
105708 202028
120200 181831
14197 40350
883175 60514
39630 40350
91128 40352
82170 40352
84297 60512
39254 161400
36473 121052
830553 181574
904400 135878
128754 121060
167040 181538
728505 80672
117406 151600
115988 121060
122798 121285
83845 201696
109914 161378
120365 161414
877577 60512
118557 126447
31963 128537
893384 147998
59600 141214
604560 60514
877779 142146
169877 243190
105678 141428
550588 181542
34010 60512
181852 161378
880576 181538
61681 60510
82242 60512
46926 48885
933768 40352
880593 60512
35705 60510
66901 161372
616712 141220
877255 121058
31390 141210
186495 181898
392529 181540
107640 181542
125556 154648
877509 121056
31160 121412
133788 181576
29278 121412
664070 242386
913401 60512
947633 121058
110525 121060
88401 181530
31667 141212
12524 121050
107127 141220
879008 181540
170658 168235
28823 50552
123576 121165
608467 221896
39634 60510
108312 136928
47099 40560
133567 161378
27564 40350
19056 121701
201042 205206
45770 60510
523636 161378
27120 60510
205721 161382
23575 161370
623552 141218
33341 121054
46607 60510
83072 60510
914280 60514
900843 40354
155836 181540
30424 141214
196406 201732
39641 141212
7736 121048
122383 184561
70128 161987
615295 60514
27053 181862
464162 181542
62545 161374
862 134476
121679 121062
17169 127757
30193 128535
79823 161374
27045 40350
30622 146329
72453 40350
26967 40620
604561 141222
107392 141458
30363 131865
82971 162111
45646 181532
456267 40354
913125 161427
35241 60510
184098 133827
96011 205772
25840 40350
26931 230447
25438 40365
877656 145774
24145 60510
9918 121121
123019 141370
891914 141218
95646 60510
32940 121050
952513 40772
18917 121054
38364 161372
927855 181538
36534 121249
38027 141212
827853 151703
115219 141385
878142 121056
877307 121058
918429 141216
27874 141210
898920 141220
58361 122790
61503 126467
40325 173644
117061 161382
57341 40350
9931 141491
20953 143385
12303 181532
82494 162891
94979 243818
72584 161372
66612 145864
41675 161370
620052 121058
910381 40354
93710 165201
38469 161370
36976 172397
7465 121224
5972 60508
157426 161378
49930 40350
887072 181542
449623 161378
616777 80672
89748 149841
82283 143299
10619 127213
92642 211770
934522 60514
8862 141356
184261 141220
3608 156097
31975 60510
90453 161374
5352 161366
181212 190021
67744 130890
192115 181630
123437 126115
934533 121056
890786 40350
89670 141212
173278 201700
141287 161378
890773 121118
624602 60514
151321 181540
28895 40590
52421 161374
77945 54482
201861 188262
331752 40354
18222 121056
113228 146950
125990 141458
97123 181534
9036 47186
10196 121048
904503 161380
165202 185365
93538 141212
6944 148044
884831 121092
124894 121048
9050 40380
877517 171576
123141 121060
204317 181536
926929 129938
126681 181570
103631 40352
15544 122359
17671 132240
185750 60514
36450 143466
107889 181542
40704 161372
892767 121054
111449 41852
123987 142572
101592 40352
19477 121054
113222 161382
137110 242052
81869 166639
82355 121819
77876 121054
129633 141220
28395 40350
67390 40350
169019 161380
906561 147880
731880 121056
202966 181538
609543 161378
109772 157191
741491 121056
921 141200
3 45159
880928 60512
86652 60510
629618 121062
119012 156632
34785 60510
10897 40350
117139 161416
36517 141212
132941 242052
888263 40348
126833 121056
1132 121036
110183 121060
93669 161372
919298 141218
9624 60508
113921 141863
89053 201696
908710 141220
86979 161372
652159 201878
876109 142026
519669 141222
612235 181540
64304 141214
38023 153467
81320 60510
3142 134531
613258 161457
122061 141220
450521 161380
125531 141666
95048 206134
5468 121042
8501 40350
10523 121153
123918 141222
114960 121060
10780 141210
22833 40352
4740 121048
37052 121247
876884 141218
6873 121046
164265 262210
4514 128711
770017 40354
20531 131657
89166 60510
105589 130120
88389 181532
77938 121050
144553 141222
156497 181540
28099 161370
723837 164740
121765 182159
904779 127405
80643 223397
40705 40832
86790 242177
2287 161366
118086 40354
85240 201692
638447 60512
94995 181532
117390 161380
27810 161372
183082 161380
89829 161374
3235 60506
165624 161378
52156 141210
42450 40350
117075 189612
878234 51377
912573 60512
82276 165212
32462 141452
877500 141216
243120 60514
93820 121952
876152 161376
29068 224492
30416 40350
170288 242671
86 182168
890777 121114
768829 221860
732628 60512
123025 141222
21501 40352
132075 143708
33537 141212
46974 161374
117070 181574
79493 181536
21699 60510
447099 161378
144426 161378
13042 141285
63593 45000
14324 161443
881851 60512
629534 181705
20390 162167
120630 60514
123616 121060
383398 161500
880729 40350
8756 175618
38638 40350
122246 181574
890943 133459
576259 60514
122387 161380
884574 131367
79847 60512
17032 60510
140148 60514
876197 40352
109942 40354
108449 181570
38278 162336
18869 141887
38721 40350
52963 161374
618810 60512
36579 41145
827869 40352
87798 60512
11655 141212
79198 162921
40380 151354
22177 141210
91168 242044
115056 153415
38847 171621
10876 161404
115948 141246
115239 40352
72699 161370
100768 161487
14174 121052
139901 161380
39870 40350
93896 161406
90910 181534
108826 161380
16260 141216
806086 181540
12203 121054
876978 121058
37912 151517
125951 126237
94598 182674
16962 40892
81161 60512
608619 142195
937880 143395
85377 60510
933692 122202
108063 141278
32858 141210
120756 40354
798578 173710
622978 167082
13834 147917
93058 181534
33338 141454
82607 182781
15379 60510
779511 141445
22560 121446
94169 165589
162720 161468
88070 161374
877867 60512
50464 40725
119841 121062
155673 242052
164631 141218
37726 149145
112880 141218
939607 141222
10961 161372
49779 172397
113905 144846
88379 141214
115253 181572
49316 141585
125786 121062
609518 201700
85475 181536
116003 121242
101073 145240
19061 141336
87125 181665
13835 121054
16259 141210
798739 141222
5956 162275
46267 150094
14252 50072
63013 60510
36139 152025
14571 161370
896163 161541
847407 122318
14313 60510
21547 60510
627033 60512
35508 40352
166892 80672
108505 161378
620169 181542
124493 121062
876965 40352
876717 151675
938777 181542
620768 181540
50056 50550
829537 201732
70907 60510
145404 171477
81205 141212
75533 46080
64087 181680
17804 41025
95739 60512
27061 141214
106190 169763
75211 121052
96784 181532
90812 161376
705928 121056
903004 40350
92324 165750
69929 131329
92841 161374
6247 60508
38029 121054
82819 161509
186771 193681
618248 40382
615205 60514
204630 161380
904847 141220
892903 146747
19062 131871
706319 60514
610767 221896
52385 40440
618573 161380
797733 60512
42275 60510
96601 181532
20458 161370
608607 141220
86353 60512
95695 60512
882506 161406
49412 141212
52087 161372
127068 185566
49432 167106
947234 126852
620267 181540
380499 181542
876175 141222
891105 141220
90153 181534
830681 161378
63543 142500
788762 60512
832059 126788
116373 121062
898705 141220
179761 161380
151394 161378
890429 161380
58351 60510
202987 201700
41541 40350
54978 181532
706473 60514
58511 161507
93552 161374
87580 201692
89650 48752
831671 121060
50302 148206
893873 161378
880933 60512
53811 141210
934674 60514
82171 40352
97026 161434
128379 141220
83589 161374
124423 121060
110986 181692
882557 80674
130085 141222
912417 201732
827865 121060
3729 60521
57477 161400
119692 121062
88339 202442
80874 162351
53880 60510
609744 162042
57334 161370
54552 40485
60873 60510
136878 144702
56256 141212
87452 80672
103456 157131
57173 141214
37539 47490
61427 161370
93992 161376
80555 182344
17849 51540
59653 40350
149560 202081
154039 181540
59980 122072
62853 182584
86959 242042
33168 60510
107818 125901
882685 60512
830430 121060
580889 181542
622693 162143
60081 166815
77196 141214
62266 122790
61775 121172
95623 242044
58298 121052
85172 206432
125729 124287
64516 121052
883307 40354
29311 184219
453323 161380
95003 181532
438868 161380
149785 161382
442413 201700
946000 162893
35270 45077
63637 162872
621620 141216
608610 121060
934084 121056
34705 40350
61579 157757
90764 181534
74341 140687
111815 56897
882767 40352
17807 40350
87978 242016
615245 161380
46412 161370
62835 121052
621800 262214
75362 121052
107455 121056
76102 141210
605478 242056
830921 152382
933938 60512
878682 60512
87392 181534
66036 130890
2610 161364
39935 141375
66809 237225
121402 121060
63796 40350
108265 196546
112744 125209
72433 163140
933763 121058
68239 141210
66419 60510
132444 230292
69738 161372
736976 130812
829542 121178
38252 176162
608578 181538
876746 60512
119009 161506
129460 167354
68941 181530
73363 141210
88961 181534
89796 161370
73373 156555
889052 40352
614340 181540
934668 66664
443471 181536
110775 60512
880686 141222
726907 60514
886658 40442
67001 40965
70974 151217
877773 50627
188771 144627
309704 40352
14090 60510
829268 141218
70824 141212
728507 80674
73080 141212
495644 60512
72596 151217
184187 181540
73705 40350
72431 161376
680200 161378
103902 121060
22277 184530
129773 161380
121268 181576
74985 42120
879025 141222
72805 40350
914302 164215
14485 153407
26429 161492
74205 135135
742355 121062
74984 141452
108740 121058
614349 161378
90306 161372
841183 182352
76767 60512
630478 40352
86675 201692
609150 161382
88093 242042
87001 161374
79885 161657
86975 242042
885681 161382
89912 161372
382476 141222
140610 143185
449661 161378
624971 181536
391888 181540
830534 141216
615542 142763
607755 161382
89684 181566
79233 242078
49555 147947
439228 161378
10176 161372
746225 169058
90400 201692
96958 181536
449306 161410
153744 242052
16388 121052
619560 161378
801900 141220
79288 166611
93913 125402
861315 181538
365898 181540
879286 181542
114870 141248
934527 45587
113737 161414
80891 161376
79383 141216
610847 40352
100807 161380
624850 181570
456299 181540
726905 60514
882177 60512
883026 60512
124428 128637
448409 161380
79784 161376
447087 161380
916098 181542
120329 141807
80018 162885
146587 181542
113741 141222
613896 162565
94778 60510
188837 121058
79848 48032
81266 60512
551987 40354
93636 121052
623651 141216
79886 161659
550697 60512
447680 161380
79897 181536
453540 181540
91371 242042
383999 262210
142336 141222
620096 181540
442303 181540
80015 161374
36472 151596
169349 161513
392684 161378
80075 60512
120283 141218
194933 242052
90609 181532
80158 40350
83579 141304
1136 142042
202691 202598
80571 242044
958088 60514
26456 141377
613205 182813
41120 173370
202364 254534
95843 161372
601970 242052
174972 60512
183930 60647
80660 181532
82660 141212
454699 162113
82484 243424
391351 161380
123307 60514
790678 221890
583151 181540
552923 161378
91757 181534
897977 141362
81306 60977
90523 179747
127774 142178
65068 182854
81491 80672
612160 199902
622611 166645
876387 186398
82111 41102
582267 40354
82112 40862
111816 40352
204382 121058
891383 181538
82177 60512
109912 121060
829538 181570
203971 181540
107985 181540
903754 181540
779515 161382
82284 143104
170236 262542
25842 133022
608112 125618
205002 242187
86768 262202
82289 161749
89764 141216
82299 183257
721108 60512
82296 181534
161763 181540
87113 262204
704727 181536
83118 202592
87091 141214
82589 182674
55302 121050
453933 263519
91225 161374
152 152285
85253 242044
389045 194170
173064 201788
154549 60512
388950 182783
82742 181534
184740 242489
93667 161372
86202 242046
93376 161372
82925 221854
96846 201728
601480 121058
35633 121984
87888 201694
13 40342
616622 242052
758230 181540
392445 141220
616388 161380
926610 161376
96502 181530
93516 161370
890778 136005
83065 60510
632701 243402
83277 181534
83278 161374
96757 166774
653646 181540
143040 80672
125067 121058
169857 262210
89320 162499
171435 161378
839105 161376
173227 243824
186664 183306
56620 40350
83494 60512
91270 183321
28564 141319
440632 161378
144267 60514
189057 60514
120379 124092
117393 126807
610083 201700
185094 172240
83570 181536
3577 141206
42395 121067
862052 161378
573139 161380
165550 161378
607478 60512
934677 60512
84382 141214
94141 242044
80704 173601
129973 60512
84545 181536
84572 181536
327873 161380
117360 161414
108402 161376
448806 161380
107908 181542
87006 161370
602166 181540
85588 164269
87400 65250
91352 161370
443625 242056
204 40348
85305 242044
918437 181542
616851 60512
164445 181540
85316 161370
88212 262202
123454 121212
90608 181532
88794 242046
400220 122185
157394 221858
82744 181534
85730 161374
96333 121052
391947 187300
96789 201696
171439 161380
32496 161370
86244 141636
3274 51429
933413 161736
92417 181532
86445 60872
173180 181574
86586 181669
129023 181574
105135 181538
204071 80672
864410 60512
87071 201692
903062 161515
84898 161376
87884 201767
948835 40354
156052 161740
179940 201700
87374 40352
184826 141732
380409 199900
108683 221856
194501 201775
